12 
4 
0
 4
 9
 8
 11
 1
 10
 9
 11
 6
 2
 10
 9
 3
 1
 3
 6
 7
 0
 4
 4
 6
 10
 2
 8
 5
 7
 6
 4
 2
 6
 9
 0
 7
 8
 7
 6
 2
 1
 10
 8
 6
 4
 7
 0
 9
 2
 0
 5
 1
 10
 9
 4
 1
 3
 11
 7
 0
 8
 4
 0.399237
 0.948760
 0.151454
 0.724593
 0.750841
 0.911328
 0.168381
 0.190668
 0.751101
 0.885439
 0.250035
 0.234120
 0.779399
 0.268862
 0.155307
 0.011214
 0.132085
 0.674274
 0.967969
 0.881196
 0.839201
 0.044142
 0.178329
 0.256191
 0.565562
 0.742759
 0.401341
 0.716028
 0.880334
 0.926844
 0.682441
 0.279572
 0.167534
 0.523302
 0.475627
 0.028244
 0.050922
 0.131044
 0.454517
 0.321300
 0.187802
 0.596817
 0.472012
 0.171404
 0.421558
 0.902296
 0.030609
 0.080194
 0.336745
 0.516259
 0.484051
 0.943740
 0.819021
 0.384232
 0.608720
 0.188930
 0.014856
 0.111086
 0.894848
 0.531232
 0.462051
 0.068860
 0.607632
 0.629585
 0.946558
 0.361369
 0.169987
 0.025756
 0.589267
 0.298315
 0.119809
 0.928250
 0.321491
 0.745094
 0.729285
 0.413528
 0.978011
 0.159904
 0.097727
 0.294187
 0.248351
 0.425009
 0.824666
 0.449145
 0.716676
 0.757250
 0.359101
 0.444739
 0.263342
 0.399779
 0.511493
 0.373553
 0.651372
 0.253685
 0.604141
 0.597931
 0.396051
 0.081720
 0.913959
 0.738754
 0.160077
 0.405570
 0.344799
 0.638214
 0.408674
 0.324396
 0.767723
 0.665464
 0.908134
 0.495163
 0.537309
 0.266000
 0.846288
 0.613474
 0.696307
 0.940909
 0.822211
 0.520547
 0.524120
 0.892804
 0.152249
 0.573930
 0.985157
 0.689138
 0.384527
 0.347620
 0.556223
 0.780578
 0.631148
 0.495248
 0.068132
 0.210663
 0.297082
 0.883820
 0.942426
 0.672847
 0.684665
 0.363327
 0.433139
 0.833131
 0.340451
 0.974009
 0.410936
 0.787758
 0.034211
 0.578159
 0.110816
 0.958543
 0.973014
 0.718300
 0.071402
 0.363224
 0.275675
 0.280922
 0.243951
 0.320249
 0.853103
 0.461483
 0.465497
 0.484251
 0.058847
 0.491406
 0.175724
 0.016839
 0.889370
 0.436302
 0.250506
 0.568257
 0.940831
 0.804422
 0.100247
 0.906844
 0.823834
 0.116488
 0.829588
 0.376876
 0.827643
 0.006145
 0.347366
 0.176138
 0.109363
 0.419971
 0.525300
 0.572380
 0.427819
 0.215580
 0.369205
 0.781849
 0.034735
 0.534048
 0.060218
 0.093583
 0.278160
 0.878206
 0.614646
 0.411556
 0.107103
 0.652042
 0.972771
 0.551580
 0.058643
 0.315836
 0.030792
 0.999293
 0.719118
 0.603587
 0.965396
 0.358344
 0.286803
 0.846322
 0.669814
 0.330947
 0.210330
 0.594360
 0.540439
 0.157665
 0.038826
 0.739114
 0.804815
 0.832801
 0.303848
 0.979425
 0.982430
 0.582008
 0.566285
 0.513426
 0.659196
 0.190091
 0.822307
 0.145962
 0.852723
 0.870303
 0.437543
 0.348156
 0.222147
 0.708549
 0.826020
 0.155998
 0.837186
 0.900959
 0.083413
 0.930557
 0.225016
 0.977161
 0.540243
 0.856834
 0.153080
 0.697035
 0.795706
 0.330287
 0.004520
 0.007028
 0.867126
 0.749503
 0.337122
 0.433411
 0.080402
 0.673843
 0.557882
 0.713610
 0.221181
 0.851273
 0.142525
 0.098806
 0.149185
 0.578467
 0.843557
 0.196599
 0.351532
 0.021719
 0.506942
 0.120914
 0.823382
 0.902521
 0.032575
 0.101270
 0.253638
 0.524059
 0.203538
 0.782441
 0.303914
 0.956207
 0.644929
 0.209326
 0.260235
 0.924514
 0.170851
 0.340637
 0.149864
 0.137805
 0.809009
 0.954182
 0.049615
 0.180342
 0.062415
 0.917632
 0.196604
 0.379973
 0.045883
 0.137379
 0.868382
 0.514772
 0.676511
 0.085525
 0.037908
 0.035180
 0.882674
 0.757816
 0.312192
 0.409015
 0.252964
 0.351105
 0.861146
 0.874883
 0.173638
 0.746011
 0.744487
 0.603172
 0.966128
 0.894350
 0.413315
 0.075432
 0.562436
 0.949829
 0.393000
 0.226887
 0.347490
 0.585451
 0.064976
 0.491161
 0.522389
 0.506237
 0.600961
 0.353677
 0.688475
 0.485898
 0.033498
 0.661305
 0.326315
 0.624266
 0.342358
 0.318815
 0.505953
 0.777519
 0.600779
 0.546942
 0.481560
 0.848715
 0.832757
 0.492388
 0.097805
 0.246072
 0.190319
 0.003792
 0.377062
 0.956860
 0.589847
 0.305059
 0.324179
 0.722844
 0.714616
 0.540213
 0.688598
 0.616561
 0.854053
 0.900424
 0.086325
 0.828133
 0.308151
 0.516910
 0.689341
 0.259269
 0.493766
 0.502652
 0.244940
 0.539283
 0.774303
 0.866123
 0.007137
 0.192769
 0.608717
 0.930828
 0.419354
 0.799036
 