12 
4 
0
 3
 8
 10
 5
 1
 3
 11
 7
 8
 2
 4
 1
 6
 5
 3
 9
 4
 11
 8
 4
 5
 0
 9
 10
 5
 0
 2
 7
 4
 6
 2
 0
 8
 11
 7
 8
 11
 6
 3
 8
 10
 2
 9
 3
 9
 11
 8
 10
 0
 10
 3
 1
 7
 4
 11
 9
 5
 10
 8
 0.459610
 0.873376
 0.888642
 0.818859
 0.190831
 0.018982
 0.603174
 0.119899
 0.709895
 0.639669
 0.552360
 0.234540
 0.900203
 0.371356
 0.644802
 0.921077
 0.707391
 0.759897
 0.747854
 0.864896
 0.692989
 0.811180
 0.620896
 0.207857
 0.336877
 0.679101
 0.606865
 0.595592
 0.045214
 0.782020
 0.835942
 0.504824
 0.119421
 0.317874
 0.536052
 0.066260
 0.400899
 0.529598
 0.349976
 0.163025
 0.130008
 0.229284
 0.970366
 0.512439
 0.944534
 0.282530
 0.550265
 0.384369
 0.918376
 0.434319
 0.567769
 0.481078
 0.284500
 0.204631
 0.610306
 0.653167
 0.529492
 0.206262
 0.911677
 0.187156
 0.190024
 0.767421
 0.937520
 0.309445
 0.708958
 0.111431
 0.706754
 0.765226
 0.023305
 0.274621
 0.350987
 0.141440
 0.754166
 0.123904
 0.449600
 0.001133
 0.834340
 0.067204
 0.333394
 0.018349
 0.060513
 0.151849
 0.205526
 0.779502
 0.619523
 0.525881
 0.453456
 0.706782
 0.491852
 0.026908
 0.696155
 0.653705
 0.884229
 0.506017
 0.445758
 0.593187
 0.243065
 0.265857
 0.422786
 0.660464
 0.858325
 0.416766
 0.569715
 0.477701
 0.106900
 0.132671
 0.981306
 0.303051
 0.141385
 0.078099
 0.116651
 0.302610
 0.533305
 0.571004
 0.890967
 0.697910
 0.807549
 0.660623
 0.695820
 0.275888
 0.612712
 0.361373
 0.043223
 0.080625
 0.712920
 0.170069
 0.216214
 0.955984
 0.786960
 0.964080
 0.243780
 0.101380
 0.722472
 0.480590
 0.028512
 0.842238
 0.760622
 0.036268
 0.674923
 0.210723
 0.260239
 0.463592
 0.096750
 0.123210
 0.868709
 0.277028
 0.041946
 0.459989
 0.229258
 0.123348
 0.370105
 0.934747
 0.670467
 0.740439
 0.471592
 0.799954
 0.873603
 0.373100
 0.082813
 0.660564
 0.942191
 0.355156
 0.817954
 0.317657
 0.094363
 0.134264
 0.363591
 0.574009
 0.922166
 0.209478
 0.927259
 0.083168
 0.138177
 0.941072
 0.581350
 0.393471
 0.716829
 0.139185
 0.455947
 0.283042
 0.598909
 0.086228
 0.675978
 0.635445
 0.495036
 0.155877
 0.712386
 0.779122
 0.845949
 0.698439
 0.215513
 0.788140
 0.004181
 0.599123
 0.847050
 0.756869
 0.865270
 0.975005
 0.004594
 0.287295
 0.815346
 0.031441
 0.555268
 0.354126
 0.273801
 0.611381
 0.946501
 0.549629
 0.773292
 0.686834
 0.993188
 0.404590
 0.149135
 0.526645
 0.714754
 0.260663
 0.233168
 0.841961
 0.962489
 0.694107
 0.179681
 0.971443
 0.048648
 0.183862
 0.694883
 0.645683
 0.271407
 0.014911
 0.428099
 0.354715
 0.568107
 0.052475
 0.400512
 0.815409
 0.856533
 0.417751
 0.111359
 0.844452
 0.005556
 0.303007
 0.773102
 0.029197
 0.365359
 0.647077
 0.775969
 0.113759
 0.497817
 0.801139
 0.902335
 0.599123
 0.716089
 0.677587
 0.500624
 0.294111
 0.126349
 0.195507
 0.004734
 0.755091
 0.630876
 0.492153
 0.794439
 0.813473
 0.881907
 0.432910
 0.712159
 0.949248
 0.572005
 0.904956
 0.142939
 0.906607
 0.037547
 0.734386
 0.451628
 0.538030
 0.078305
 0.775173
 0.458882
 0.575208
 0.692653
 0.656635
 0.642845
 0.315425
 0.975740
 0.286775
 0.946499
 0.189300
 0.536193
 0.951233
 0.625699
 0.681989
 0.149706
 0.431077
 0.251796
 0.438456
 0.879300
 0.137028
 0.702947
 0.614298
 0.968760
 0.156737
 0.885489
 0.751725
 0.554919
 0.323748
 0.978075
 0.691932
 0.742548
 0.529717
 0.000686
 0.854047
 0.355901
 0.053185
 0.563203
 0.599564
 0.756039
 0.907561
 0.995092
 0.560873
 0.425151
 0.620791
 0.642723
 0.002658
 0.092939
 0.994022
 0.218521
 0.266659
 0.908523
 0.033947
 0.196417
 0.730585
 0.844466
 0.687049
 0.977798
 0.275775
 0.420542
 0.799869
 0.758953
 0.648692
 0.635252
 0.173299
 0.508528
 0.186895
 0.133112
 0.968810
 0.611535
 0.523880
 0.781262
 0.464091
 0.669352
 0.923958
 0.436495
 0.312075
 0.339919
 0.794923
 0.160953
 0.884937
 0.159612
 0.387085
 0.041491
 0.048181
 0.394478
 0.662135
 0.606102
 0.325830
 0.719275
 0.476098
 0.183797
 0.305849
 0.652192
 0.186903
 0.688516
 0.042905
 0.369093
 0.063694
 0.378824
 0.574833
 0.118432
 0.637746
 0.079900
 0.273270
 0.619541
 0.643245
 0.176902
 0.959459
 