12 
5 
0
 9
 5
 10
 7
 1
 1
 3
 0
 11
 2
 8
 2
 1
 0
 4
 10
 11
 3
 11
 2
 4
 5
 9
 4
 6
 2
 11
 5
 10
 5
 4
 11
 6
 10
 3
 6
 2
 8
 3
 9
 4
 7
 11
 4
 0
 10
 3
 8
 3
 0
 6
 7
 4
 9
 6
 0
 2
 10
 5
 10
 5
 1
 4
 9
 3
 11
 6
 1
 2
 9
 5
 0.335869
 0.656685
 0.086940
 0.136429
 0.033736
 0.701675
 0.900703
 0.380244
 0.381727
 0.023433
 0.969524
 0.407738
 0.944448
 0.979519
 0.095814
 0.843902
 0.943535
 0.019312
 0.173543
 0.065604
 0.832064
 0.157069
 0.697814
 0.778457
 0.905373
 0.607744
 0.138973
 0.936890
 0.427739
 0.284442
 0.170083
 0.763608
 0.941127
 0.257023
 0.900037
 0.974863
 0.958697
 0.800741
 0.355107
 0.340424
 0.824173
 0.324631
 0.748162
 0.768621
 0.304150
 0.843976
 0.612523
 0.247685
 0.863288
 0.786066
 0.313289
 0.695353
 0.943135
 0.011102
 0.473809
 0.848508
 0.618846
 0.612782
 0.785399
 0.046585
 0.897224
 0.955482
 0.810193
 0.838351
 0.159030
 0.923222
 0.169046
 0.528209
 0.059436
 0.463044
 0.516235
 0.808432
 0.542440
 0.550846
 0.454653
 0.577318
 0.395649
 0.939224
 0.824700
 0.950683
 0.237011
 0.243284
 0.016687
 0.703119
 0.173495
 0.417836
 0.662180
 0.363494
 0.922751
 0.418344
 0.657258
 0.143953
 0.219297
 0.918075
 0.867510
 0.378327
 0.841296
 0.036556
 0.906536
 0.900732
 0.499600
 0.422772
 0.709165
 0.042040
 0.973617
 0.163818
 0.619357
 0.369266
 0.103042
 0.444057
 0.319949
 0.340053
 0.687342
 0.336636
 0.043171
 0.860837
 0.754472
 0.705351
 0.224331
 0.677223
 0.123695
 0.881589
 0.821176
 0.342992
 0.799663
 0.688686
 0.721319
 0.640960
 0.908666
 0.321265
 0.458657
 0.514957
 0.424070
 0.940447
 0.244944
 0.408464
 0.243413
 0.317923
 0.192522
 0.235065
 0.112221
 0.617538
 0.951959
 0.534375
 0.584247
 0.893694
 0.007156
 0.801813
 0.102312
 0.504182
 0.434053
 0.197168
 0.394717
 0.584010
 0.622321
 0.998712
 0.591735
 0.065112
 0.652802
 0.500401
 0.386377
 0.111460
 0.015358
 0.810448
 0.051907
 0.260301
 0.218912
 0.295320
 0.578224
 0.411433
 0.530385
 0.690445
 0.028972
 0.482344
 0.224821
 0.613219
 0.376038
 0.231977
 0.415033
 0.478350
 0.736158
 0.849086
 0.675519
 0.130876
 0.433096
 0.297840
 0.129588
 0.024831
 0.362952
 0.782390
 0.525232
 0.749329
 0.021176
 0.149365
 0.953001
 0.117608
 0.933078
 0.346393
 0.647136
 0.014632
 0.869372
 0.201495
 0.459138
 0.174742
 0.281086
 0.652972
 0.373962
 0.901267
 0.406584
 0.518939
 0.322338
 0.938884
 0.904994
 0.122525
 0.661306
 0.062512
 0.992271
 0.602823
 0.473837
 0.156399
 0.376653
 0.515006
 0.846884
 0.397829
 0.664371
 0.799885
 0.515437
 0.597449
 0.146278
 0.162573
 0.612081
 0.015650
 0.364068
 0.071219
 0.190392
 0.645155
 0.724191
 0.564354
 0.546422
 0.130775
 0.083293
 0.868760
 0.069659
 0.988287
 0.991284
 0.730966
 0.050799
 0.983556
 0.333788
 0.524635
 0.139954
 0.710441
 0.039641
 0.986838
 0.108270
 0.704012
 0.751889
 0.384790
 0.903263
 0.392240
 0.210564
 0.088787
 0.366379
 0.560974
 0.414265
 0.050960
 0.951024
 0.726581
 0.843810
 0.045087
 0.825620
 0.260366
 0.440611
 0.857659
 0.463202
 0.749676
 0.838348
 0.816386
 0.043502
 0.958080
 0.965073
 0.046278
 0.781206
 0.455684
 0.888782
 0.391021
 0.156979
 0.640671
 0.775812
 0.060242
 0.032911
 0.986376
 0.149029
 0.399290
 0.547349
 0.563294
 0.450250
 0.498374
 0.289874
 0.294059
 0.543461
 0.115494
 0.554425
 0.984072
 0.973153
 0.017627
 0.733747
 0.811501
 0.834014
 0.777249
 0.769581
 0.799087
 0.823527
 0.550787
 0.254771
 0.712309
 0.941809
 0.411749
 0.352980
 0.717620
 0.640622
 0.679527
 0.734070
 0.428869
 0.823444
 0.468713
 0.040645
 0.518148
 0.458126
 0.364729
 0.154661
 0.859288
 0.041794
 0.508793
 0.732442
 0.104749
 0.566921
 0.226616
 0.952886
 0.876395
 0.905102
 0.036453
 0.935587
 0.057777
 0.649511
 0.287959
 0.800133
 0.346483
 0.917582
 0.105325
 0.144997
 0.558203
 0.784852
 0.879067
 0.987073
 0.608296
 0.347780
 0.027717
 0.126444
 0.805906
 0.392446
 0.281105
 0.665194
 0.434240
 0.789898
 0.397636
 0.538990
 0.356819
 0.624252
 0.491876
 0.233214
 0.529354
 0.528329
 0.168801
 0.587131
 0.177840
 0.456759
 0.387265
 0.524322
 0.374341
 0.492590
 0.669319
 0.932545
 0.277441
 0.050543
 0.291149
 0.037529
 0.892560
 0.796788
 0.548583
 0.191337
 0.689692
 0.583960
 0.864455
 0.075186
 0.288657
 0.470117
 0.738121
 0.541739
 0.995397
 0.286794
 0.690987
 0.468012
 0.847648
 0.542306
 0.280407
 0.701788
 0.760891
 0.866823
 0.639111
 0.744378
 0.766250
 0.016437
 0.117018
 0.470564
 0.066980
 0.408167
 0.508092
 0.959540
 0.204955
 0.056675
 0.150877
 0.894647
 0.640636
 0.015332
 0.969833
 0.929293
 0.485449
 0.707955
 0.471031
 0.480846
 0.994749
 0.162018
 0.948858
 0.842396
 0.704324
 0.229265
 0.544184
 0.465215
 0.096088
 0.183295
 0.209593
 0.862338
 0.199732
 0.326611
 0.332902
 0.266712
 0.734778
 0.487896
 0.417020
 0.620229
 0.381394
 0.687206
 0.253194
 0.458187
 0.166985
 0.748498
 0.734711
 0.973376
 0.576703
 0.277948
 0.514545
 0.245903
 0.047435
 0.995447
 0.812772
 0.194051
 0.310730
 0.917946
 0.733126
 0.430227
 0.490718
 0.150110
 0.061892
 0.002120
 0.925849
 0.200474
 0.614169
 0.009200
 0.688370
 0.031188
 0.629429
 0.069764
 0.718395
 0.882623
 0.527951
 0.885380
 0.631121
 0.262662
 0.858756
 0.207825
 0.540610
 0.373301
 0.453728
 0.588045
 0.368749
 0.266499
 0.782096
 0.679479
 0.184445
 0.515222
 0.109706
 0.675164
 0.665331
 0.171597
 0.677284
 0.591180
 0.372071
 0.291452
 0.600380
 0.060442
 0.322640
 0.467607
 0.173623
 0.318964
 0.784012
 0.704838
 0.331087
 0.272016
 0.913337
 0.934390
 0.132090
 0.413287
 0.138074
 0.052606
 0.235878
 0.571567
 0.103329
 0.099505
 0.117493
 0.812208
 0.889546
 0.406973
 0.441908
 0.464758
 0.647833
 0.533036
 0.198443
 0.293799
 0.673639
 0.459350
 0.611371
 0.645811
 0.926956
 0.784994
 0.964775
 0.710969
 0.489832
 0.295863
 0.982984
 0.403168
 0.230253
 0.115075
 0.816455
 0.368327
 0.167681
 0.052334
 0.939893
 0.271010
 0.151839
 0.057386
 0.083218
 0.041384
 0.464360
 0.525126
 0.506143
 0.112192
 0.058162
 0.704586
 0.405991
 0.731800
 0.163936
 0.017362
 0.377612
 0.090892
 0.802356
 0.573218
 0.309795
 0.484544
 0.836728
 0.120455
 0.489660
 0.804824
 0.337107
 0.226577
 0.936856
 0.571120
 0.341106
 0.159780
 0.607489
 0.798022
 0.184564
 0.936046
 0.893187
 0.994194
 0.959957
 0.856854
 0.703743
 0.495680
 0.057350
 0.480892
 0.595547
 0.434569
 0.596653
 0.411397
 0.045896
 0.134242
 0.984615
 0.355690
 0.618785
 0.821343
 0.476146
 0.108446
 0.626167
 0.813252
 0.335023
 0.563023
 0.384373
 0.676129
 0.722803
 0.991862
 0.474151
 0.907367
 0.927908
 0.367338
 0.901561
 0.887865
 0.224192
 0.605304
 0.383545
 0.281542
 0.086196
 0.979091
 0.716111
 0.682849
 0.390488
 0.762007
 0.817090
 0.375103
 0.117697
 0.384587
 0.571569
 0.696310
 0.367235
 0.474266
 0.305178
 0.328974
 0.093074
 0.596895
 0.681201
 0.473889
 0.705701
 0.408531
 0.972401
 0.250384
 0.332307
 0.064755
 0.339389
 0.078695
 0.564204
 0.307739
 0.210720
 0.855121
 0.831563
 0.451184
 0.929368
 0.385014
 0.707456
 0.714852
 0.335428
 0.881094
 0.099440
 0.906997
 0.577405
 0.466675
 0.381263
 0.882583
 0.795649
 0.474337
 0.479477
 0.476850
 0.948227
 0.185179
 0.885381
 0.920627
 0.435563
 0.217688
 0.985382
 0.774951
 0.296383
 0.549587
 0.082690
 0.507103
 0.404708
 0.914253
 0.958288
 0.334076
 0.299267
 0.665743
 0.048928
 0.634694
 0.546838
 0.148368
 0.541691
 0.339140
 0.207542
 0.495097
 0.544962
 0.086480
 0.247483
 0.084859
 0.264685
 0.665612
 0.673685
 0.077585
 0.630578
 0.410878
 0.432175
 0.719787
 0.763114
 0.709719
 0.815821
 0.526043
 0.384555
 0.398158
 0.176513
 0.404908
 0.651975
 0.599907
 0.691406
 0.012837
 0.013912
 0.229432
 0.255693
 0.714912
 0.568573
 0.463235
 0.210009
 0.113535
 0.549715
 0.457491
 0.198394
 0.814400
 0.123103
 0.872079
 0.891984
 0.753681
 0.282957
 0.324159
 0.473468
 0.046071
 0.033878
 0.289290
 0.572114
 0.418433
 0.687448
 0.748627
 0.823341
 0.339423
 0.348535
 0.514748
 0.352260
 0.362447
 0.744180
 0.607953
 0.077358
 0.312753
 0.071187
 