15
1405
 724.000000 0.729437 0.725097 0.724555
 663.000000 0.765512 0.768340 0.743772
 752.000000 0.727273 0.722008 0.691815
 762.000000 0.700577 0.725097 0.680427
 755.000000 0.707792 0.701931 0.686833
 737.000000 0.723665 0.735135 0.713167
 745.000000 0.735931 0.735907 0.702491
 713.000000 0.744589 0.744402 0.733808
 714.000000 0.743867 0.750579 0.730961
 673.000000 0.754690 0.763707 0.738790
 724.000000 0.729437 0.725097 0.724555
 693.000000 0.752525 0.783012 0.725979
 663.000000 0.765512 0.768340 0.743772
 733.000000 0.726551 0.732046 0.695374
 675.000000 0.741703 0.759073 0.733808
