1060
0 2
0 5
0 9
0 10
0 11
0 15
0 16
0 17
0 18
0 22
0 26
0 27
0 28
0 29
0 33
0 34
0 35
0 36
0 37
0 38
0 39
0 41
0 44
0 47
0 48
0 50
0 51
0 52
0 57
0 58
0 59
1 2
1 4
1 5
1 8
1 9
1 10
1 11
1 12
1 13
1 14
1 16
1 17
1 18
1 19
1 21
1 24
1 26
1 27
1 28
1 30
1 31
1 32
1 33
1 35
1 36
1 37
1 39
1 40
1 41
1 45
1 49
1 50
1 51
1 53
1 54
1 55
1 56
1 57
2 4
2 6
2 8
2 9
2 10
2 11
2 12
2 13
2 14
2 15
2 16
2 18
2 19
2 20
2 21
2 23
2 25
2 26
2 27
2 29
2 30
2 31
2 32
2 33
2 34
2 35
2 38
2 39
2 40
2 42
2 46
2 48
2 49
2 50
2 51
2 54
2 56
2 57
2 58
3 4
3 5
3 6
3 12
3 13
3 16
3 17
3 19
3 21
3 22
3 24
3 25
3 26
3 28
3 29
3 32
3 33
3 34
3 35
3 36
3 38
3 39
3 41
3 42
3 46
3 47
3 49
3 50
3 51
3 54
3 56
3 57
3 59
4 5
4 6
4 8
4 11
4 13
4 14
4 17
4 18
4 22
4 23
4 24
4 27
4 28
4 29
4 32
4 33
4 34
4 35
4 37
4 38
4 40
4 41
4 42
4 43
4 44
4 45
4 46
4 47
4 48
4 50
4 51
4 52
4 55
4 56
4 57
4 58
4 59
5 6
5 7
5 8
5 9
5 10
5 12
5 14
5 22
5 23
5 24
5 26
5 27
5 29
5 30
5 31
5 32
5 33
5 34
5 35
5 36
5 37
5 39
5 42
5 43
5 44
5 48
5 50
5 52
5 55
5 57
5 59
6 8
6 11
6 15
6 16
6 17
6 19
6 20
6 21
6 22
6 23
6 26
6 27
6 29
6 30
6 31
6 33
6 36
6 39
6 40
6 41
6 42
6 43
6 45
6 46
6 48
6 51
6 52
6 56
6 59
7 8
7 10
7 11
7 13
7 14
7 15
7 16
7 19
7 22
7 24
7 28
7 30
7 31
7 32
7 34
7 37
7 38
7 39
7 42
7 44
7 50
7 51
7 52
7 53
7 57
7 59
8 9
8 13
8 15
8 18
8 19
8 20
8 22
8 25
8 26
8 28
8 29
8 33
8 34
8 35
8 36
8 37
8 38
8 39
8 40
8 41
8 44
8 45
8 46
8 47
8 48
8 49
8 50
8 51
8 52
8 53
8 54
8 58
9 10
9 11
9 13
9 14
9 18
9 19
9 21
9 23
9 24
9 25
9 27
9 28
9 29
9 30
9 31
9 33
9 36
9 37
9 39
9 40
9 44
9 47
9 49
9 50
9 51
9 52
9 53
9 56
9 59
10 11
10 12
10 13
10 15
10 16
10 17
10 18
10 20
10 21
10 22
10 23
10 24
10 25
10 26
10 27
10 33
10 34
10 35
10 36
10 38
10 41
10 43
10 45
10 46
10 47
10 48
10 49
10 52
10 53
10 54
10 55
10 57
10 58
10 59
11 12
11 13
11 18
11 25
11 27
11 28
11 32
11 35
11 36
11 37
11 39
11 41
11 43
11 45
11 46
11 50
11 51
11 52
11 53
12 13
12 14
12 17
12 18
12 20
12 21
12 24
12 26
12 28
12 29
12 30
12 31
12 33
12 34
12 35
12 39
12 40
12 41
12 42
12 45
12 46
12 48
12 49
12 50
12 51
12 52
12 53
12 54
12 56
12 57
13 14
13 15
13 17
13 18
13 20
13 22
13 24
13 25
13 26
13 27
13 29
13 30
13 33
13 34
13 40
13 41
13 42
13 45
13 46
13 47
13 49
13 50
13 51
13 52
13 53
13 54
13 55
13 56
13 57
13 58
13 59
14 16
14 17
14 18
14 19
14 20
14 21
14 23
14 24
14 25
14 26
14 27
14 30
14 31
14 32
14 33
14 35
14 36
14 38
14 39
14 41
14 42
14 43
14 45
14 46
14 47
14 48
14 50
14 51
14 52
14 54
14 57
15 16
15 18
15 21
15 23
15 26
15 27
15 28
15 29
15 30
15 31
15 32
15 33
15 37
15 39
15 40
15 41
15 43
15 44
15 46
15 47
15 49
15 50
15 53
15 55
15 56
15 57
15 58
16 18
16 19
16 20
16 22
16 24
16 25
16 28
16 31
16 32
16 33
16 35
16 36
16 37
16 39
16 41
16 43
16 44
16 47
16 48
16 51
16 52
16 56
16 57
17 19
17 20
17 22
17 24
17 27
17 28
17 30
17 31
17 34
17 35
17 36
17 37
17 38
17 39
17 41
17 43
17 44
17 47
17 48
17 49
17 50
17 51
17 52
17 53
17 54
17 57
17 58
17 59
18 19
18 26
18 27
18 28
18 29
18 30
18 33
18 34
18 35
18 36
18 38
18 40
18 41
18 42
18 45
18 47
18 49
18 50
18 52
18 53
18 54
18 55
18 59
19 20
19 21
19 22
19 23
19 27
19 28
19 29
19 30
19 31
19 32
19 33
19 35
19 37
19 38
19 39
19 40
19 41
19 42
19 44
19 46
19 47
19 48
19 49
19 53
19 54
19 56
19 57
19 58
20 24
20 26
20 28
20 30
20 31
20 32
20 33
20 34
20 36
20 38
20 40
20 42
20 43
20 45
20 46
20 49
20 50
20 54
20 56
20 58
21 22
21 23
21 25
21 27
21 29
21 30
21 31
21 32
21 33
21 37
21 38
21 39
21 42
21 44
21 45
21 46
21 47
21 50
21 51
21 55
21 57
21 59
22 24
22 25
22 28
22 31
22 32
22 33
22 35
22 36
22 44
22 45
22 46
22 48
22 49
22 50
22 51
22 52
22 55
22 56
22 57
23 24
23 26
23 27
23 29
23 30
23 31
23 35
23 36
23 38
23 41
23 43
23 44
23 45
23 46
23 51
23 52
23 55
23 56
23 57
23 58
24 25
24 29
24 30
24 33
24 35
24 37
24 38
24 39
24 40
24 41
24 42
24 43
24 45
24 48
24 49
24 52
24 54
24 55
24 57
24 59
25 27
25 28
25 29
25 30
25 32
25 33
25 34
25 35
25 37
25 39
25 41
25 42
25 46
25 47
25 49
25 51
25 52
25 55
25 56
25 58
25 59
26 27
26 30
26 31
26 32
26 33
26 34
26 35
26 37
26 38
26 39
26 42
26 44
26 45
26 47
26 48
26 49
26 50
26 52
26 53
26 54
26 55
26 56
26 57
26 59
27 28
27 29
27 30
27 31
27 33
27 36
27 37
27 38
27 40
27 44
27 46
27 47
27 48
27 50
27 52
27 54
27 55
27 57
27 58
27 59
28 29
28 30
28 31
28 32
28 34
28 35
28 36
28 37
28 41
28 42
28 43
28 44
28 45
28 47
28 48
28 49
28 50
28 51
28 52
28 54
28 55
28 56
28 58
29 31
29 33
29 35
29 37
29 38
29 39
29 41
29 42
29 45
29 46
29 47
29 49
29 51
29 52
29 53
29 54
29 56
29 57
30 32
30 33
30 35
30 36
30 38
30 39
30 42
30 43
30 44
30 45
30 48
30 49
30 51
30 52
30 53
30 55
30 57
30 59
31 32
31 33
31 34
31 35
31 36
31 37
31 38
31 40
31 43
31 47
31 48
31 49
31 50
31 53
31 55
31 57
32 33
32 34
32 36
32 37
32 39
32 40
32 41
32 42
32 44
32 45
32 46
32 48
32 55
32 57
32 58
33 36
33 37
33 38
33 39
33 40
33 41
33 42
33 44
33 47
33 48
33 49
33 51
33 52
33 55
33 56
33 57
33 58
33 59
34 35
34 37
34 39
34 44
34 45
34 46
34 47
34 49
34 51
34 52
34 53
34 56
34 57
34 59
35 37
35 38
35 39
35 40
35 41
35 42
35 44
35 45
35 46
35 47
35 48
35 49
35 51
35 53
35 55
35 56
36 37
36 41
36 45
36 46
36 48
36 50
36 51
36 53
36 54
36 58
36 59
37 39
37 40
37 41
37 42
37 46
37 47
37 48
37 49
37 50
37 51
37 52
37 53
37 55
37 56
38 39
38 41
38 42
38 43
38 44
38 45
38 46
38 48
38 49
38 50
38 51
38 52
38 53
38 54
38 57
39 45
39 46
39 47
39 48
39 49
39 50
39 51
39 52
39 54
39 55
40 42
40 43
40 44
40 47
40 48
40 49
40 50
40 51
40 52
40 54
40 57
40 58
41 42
41 44
41 47
41 48
41 50
41 51
41 52
41 53
41 56
41 58
41 59
42 43
42 45
42 46
42 47
42 49
42 50
42 52
42 53
42 54
42 55
42 56
43 45
43 46
43 48
43 51
43 52
43 53
43 54
43 55
43 56
44 45
44 46
44 47
44 48
44 50
44 51
44 53
44 54
44 55
44 58
45 48
45 49
45 51
45 54
45 58
46 47
46 51
46 52
46 53
46 54
46 55
46 56
46 57
47 48
47 51
47 52
47 58
48 49
48 51
48 52
48 54
48 56
48 59
49 51
49 55
49 56
49 58
49 59
50 51
50 52
50 54
50 55
50 57
50 59
51 55
51 56
51 58
51 59
52 53
52 58
52 59
53 54
53 56
53 59
54 55
54 56
55 56
55 57
55 58
55 59
56 57
56 58
57 58
57 59
